000000086006301200020087000010706300870290000002400500063000009004035000000004701
000000094068702000107000000402300800070000609003051000000035000254080007800060120
000000254201503000006000700009006830000001400045900070000700090604032000002005601
000053107610080000405600200080040070002000950000305040009000000000200680073010409
000108400072000030805320600390070000007800002000604500000005063980000000400090210
000200000207080060041503090020300700000009804800001000070000006003890001004160025
000304016000070000305010200830005700001006520004000608708900000600008004000003059
000600200804002300070005009690000000000080570030700004003009420102070006065010008
000830017070605290009000400000504039100002500008106000057000000200000300800017060
002030009600900100000000065295001000001004500030620008000080000107000400400507692
004026000001403690000070038000851060005004020798000000030000705420068000100000000
004200900900040701703008200670500000095400060001003000000700650100084000040000019
005600070030009008006030004003005200070010080068407900010700050000048030020900100
020900000008000079070086300001003008240009050060002100000060210530000400080037600
030007900002508000004120000706009104005000090000281006048006700500000010009400020
060540900300000400120008000000009073000070546250000001003400607500203004080007000
074008060000900002005301000090400008000020609001009050048500000020670030350000710
090020000000005361701000005040270090030050000002039584009000100600008030008040200
104000000590004026000085003800701000000006900001030058006009204400200100009300700
120000050000203090046050001000000820008900504060340000000085900710009000500060047
150000800080003070900610030000027090064100008030850000000000720005000600400975100
209083000307100045060007008800021037024005000000000006500700900000400800001600050
600000387020300000100490000570000062000002009083000100061004050900028000000031904
608000000005840702000030400020000008000108005304600100000200570407003060006090031
700020005604007000000540100001000072008030060000089300380000490070000201020065080
706008009409000207010050800100705000062000900000302100070600023000429000000000406
840050000067080090000010003005003002706800040093470800000002005000006010109000704
850037000000208014300000000600300005079100230000600700400000020023009650000701800