000004068081060000000320107142005003096003500300000720605100049807906002430850001
000070004205463700000810590304000060710000280086090001600780402903520006070340100
000084170290300060008906502100007900020040083346800050030059206500000007700123040
000087290500609074980400001045003007800004362076201000690020030000300100120078500
000400000804005139100079056008000605900352008007906240053260001209130004060000070
000830400460000001190706300310902587500400126070008030002000705900307000640185000
000904320400783000900000045005160270306000050120300804060002097703510000081407006
000982307900500810207004005578030004000041006160005700029000000030407201005063408
003008902050030000809204610400910060705002000000076420390001805002007140610840009
004860070907005004030007010008010200050004301023590800001600480290070006806321050
005038200020600800900025040080409712000073690060000053054900007200007001370850064
006030408040160000357040000001920006094080532800000007080675019020304085100200070
008700000304000576090041200400803907001962004030050810027509040000020080086300105
010300956602900000007000801008040710021050000409706502000590460080004030205608079
010400000584006020006318950027900800300052010009800046702004003400080560000173090
015070600300081004087600030070005900501040082920800106003760029096200300740010000
015800704700090000036047001000630512060921047080004300002000180098200005040300096
020007309000421000600900410702800000009500064164703500000006280070308195310050007
028001096600250000904003710073900085201084300095702004080007000000100653002600040
030020908000006042200305607008407005710000090406891020160700030805200400070569000
030805002960372000000010670005603008280400709009000540701200905028009060600080104
036280005008003200000409600000594070310720048570100900260000000900805102053010067
040637020902100067300290000009060050107500400430020098018050240600013900000400806
040702001309401700800060500001094630235010470060070080050008910002509040600000203
049000203100080070000913805500402960030105008026700030000307100670009054080640002
062018057000405020001070039609700000854020100030080000080037200103060045706904010
070020000215409003690500800407002015031800060020035080060703400300608900058090100
090300070270019650650700801060435920009000546008002100710500060000060004030971000
090607008402500000750090030208700093004010620003904071000105046607380500000002709
094061002372000000015000948000206037030400001000090850068103009050024100003078560
100307208004290700300004001006870035490003800008005160802006010070042900061050004
100400390800076005054203080001860073000042068090500100006305040780090250040020006
100400720000081309450290060960010007020904030015008200590763400030000006700025080
102900038580040070004230106200070005096000040305806700009704312001305900800020000
103690058800503100079000002060750801910000240400009305294006000000100006050032704
180003406020005097000480030291000004003740005705302960400001000600070520538906000
300160782005480009107000000004050176800003905500910400000600000691200503703094800
300670000971300504040000308008900023003108400760005080000026095450809700020700106
301280605009040270070095041006150002900700010405920030087006009200800407000000360
400500890927003010108600300802004000074810200560370000003005078690000140000249005
430019025050403009002080010005108037000005060006790041018004006720000080690030702
436050001020180746080002005002860104008307000517900600060400098004090300170000002
500403700230000016074600800603009200008070050012500904041050608000904071060801009
510308000840109600902060700600004835204800000090751002700503210000007040083900006
589601070000070040600302008031564700700203000026090004000908520297000010150006030
600000107000510900230800060000003075700125400809640001508000209006701840304290050
600987000400030527300204690780010302005008910004020005507300801060070000109060400
680420350005080920030001067051008049907002000000060100006010708004059016020370400
700102850043800702800405039030080541024700960900001000006000203001067000385000100
708000600006504010254100830600300041075000920090217000000800096300029480040650100
804300009005040730071009508080020001050600200040195306097482100006003005200010007
830070901900801020020930050360004008200050760087610004700102000000093070150400603
890450307003200004500001000005600009080024050100089240240370905036100700708060001
905010230070286000060005400046302985009000627000800300300701000098500041002040590
905180007030002080600530100700260800080490203390007406000906002000040351147000900
930086150102059030005070004047925006301000020000004800000603002409000780050807061
952030008000000060003470002006050027240800903370910080007190000608200030430086015