000000000900800460001273000005400012030085000006009840082010700070000906600030051
000000000980020041700645200020010005040300090671008000000090002006001508830074000
000000001060804070890302005000030008900460300307001040000007000402000680050249010
000000007002349005518000004390005100000007020100806700060150000040090008009208030
000000012080034095906800000000608900301070500005040060020100070043027008000060300
000000019200870500080301060100005003006010000450087900040000307908200000000096240
000000020500036000300402710720680005010000409000700800030090051040003200090510008
000000020940080500708630000000001940600000000075004360006040009310802050080570003
000000040800900053927004000300109200050800600701600004200300008046000030000067109
000000041018900000403000057690801400050003060000540009200130098006000003700602000
000000059002017008003002060705020003090064010100900000060008400004150700801300005
000000079190000040040130200031207000000600000000900582450006700002085406970000030
000000087002030064500072001005704038000503020790000600006080000240000906930010000
000000207073050410000009030240600870057030900000100046012000090500810000406070000
000000260300200700080007001037014000840530000210080090006001500970800004000040320
000000304040920170100008005000190600007503000084200000020000000005670491060005830
000000501038500006700093020250001000300050604001078000000024079006000100009810005
000000800600500002079013500430001000507090061000007080310009050004062900800000203
000000801600020090030000000045008007209430006100092005008940530510000000900607400
000000823925010000400006000708600309050040210246000000000400007000703600801905000
000001205001060000280509003003000400026057010000800092407003001090000807600024000
000001500002005930130860000980070102000090400700000060004006208510034000600107000
000002000009004370030080050700500104800017000050009620001090500020030400048026090
000002010340800700700030058800710400090600070050004600600027009010500000402009030
000002540064000001800900007020756000000100009730000000070604020090300874501008300
000002609790006000048000017005380400000020000200040751130000800560900042000001060
000003009094208500000000872003804060005000001700165000020700013800540000060010900
000003290060520308004010005000300080108090070000004006830005010002079500740006000
000003600067040300209000080704020801080900053005060007800000025410006090000701000
000003610090020000000600724029058300003002040510070000004000008008001236007096000
000005060270000004401008009000050000100900830708040201009063040820000003030107050
000005700000031008708006002400010600065070140032500009000400030513020900820000000
000006009090041030508000620000037000001000200670090040805060900000480370420009005
000006300400100906702008000000907602856000000000400031008023400903004008010050070
000006700800100690203000050000027100005008340674050200050070000001094000300502800
000007000034000089005240100006010042000000390020005600078002000360070400100309560
000007430500094000062000107600040000980200006001700500005086002140000050700003809
000008601009000500408060000500003009080005070630041200050804020700100046020370000
000009070508007001020013600812000000006301000009400205160800300090050042000700009
000009850640300000000200001100003200709108630005670000030405790006800000001000420
000010000509000780024800096600000802000906004070030010200100300080073050140080020
000010020900005807086700005000254000067000000100000980002800010040007390310069004
000010230083000000200005769005043000800020071030680020706000080000100500408900600
000010600930008007701030025100000508000004910005620000002070006480009003060300080
000010746076030900080000002004500080530020007210009400000860000142000000000400175
000010920450008700016000030083200001001400009500900870020004105000630000064007000
000029006805000003003007901010400000070000084089500320120000068000740500604100000
000030007081500900900060200400370009050200010867040000500010003070800400208007500
000030890020950016006100000014203900800070000000040501030608070102000000009004305
000040160700050308004230000100000075056008090009360000020400087640000020501090000
000040170010093006620000083007400060300060520008009400031705000090608001000000002
000040810702080690001750002000506700000900041010400080056000200080067300920000000
000049002003507000084300105010020860046000000700610050001800009260070000000090034
000049600805000004003700000230054000790800300000600012070000130400080206050096070
000050013075004000900000600803700200600008100500020047208000400360009078004060009
000050180064000200007300060006900010301600900400005036000710009780030050023000004
000056000149200000080000703972004600608107000004009850200060010030005004000010008
000060003002030508600170040003900107056000200980003000000005400408720090070004006
000060079004300060000500100090070400060013280502000030075804090100020008903006000
000060420503904000700100900080009700001700030000003296100000574000000000807325010
000067001030400000708500090605004000000601200809730500500200300107080020002000048
000070000008000610504209000000600820030054100900010006870000400600085030095406002
000070000060039410371000200200700000400023000100090705000000098948005000025001603
000070100623000005050200900007050093040106020092000080800501060000034700005008004
000072000008400030090030056002905080600000391014006000560100000403008009070000240
000089710085003900000050200900200506060000093030007000006540000310802000209070400
000090000028704000070200105609000300700400201040058600306000000004005068050021090
000090026400807100503000000002000409081960000000050087000600250060008901370001004
000090027001700000950002003080306402403000000005170000090007080010405260600200010
000090057009000300021008060760003000400070108030500020000304089080000540650001200
000092000206430700403000501600540309080000005700009240070000012000308000000061007
000092008074010002000604300100805090200003470065000000000209600803000000040701950
000100785030000090040079100002060400304000050950001000005000602090824001007036000
000104920600003800100050070702069030000000004003078001005030002070806000039005040
000108407700000900843005000002000000090620001000350760008204000560900010401000380
000180000590006040000204900007800501000010032006092800600300207040005006013070000
000200060000008904240703500071040050000500006908000102806009070530020000000010408
000200060034000100100506870010790006702030500098000000340020000005460080000070012
000200078700053000000090306240980050160400000005000017382000000000007900500106042
000200090170600004008075300900014203005720600030000010500080006004007000300009108
000200850100605000009400703604000019208040000000007400730089006050130020001006000
000203009650001003000070480020700004740030005901800060100000090008640020003095000
000270009638000002070034050010000008300510070000049003005006080007900104200700060
000300009018050306000100580090000001003065020006080900051024000030000840002609007
000300210040890600302007005910000507070080009400600000106403000000005140200000906
000301000900005481040000020820400370090708060063000900000206010400070000015900200
000401000230070000010002980004093105920000047000060800000008010500100024700600530
000403800010650000003010705608004021020060300070000900005908004430000170007000600
000408002700000610380900000008702506060109000004000980007000120005003000106050043
000500029000400070081060000030000260008007001104209003000300497370008000020096010
000500087074009053001000006010030098000402700095007600006900500200814000300000020
000500102604300900007040000073060500006000083800209004000002005105480020090000760
000502010800040300003800609701058000500000068940001002070000030020600004000109750
000503100000004200398060000206407300001000607000200090610050070702000050084001030
000504903001000200042070056059067000000200047006100008680000400073000002010309000
000580030009004000010000076206000000730900280080200001405007100000630009890010705
000590400817000000000000213701004060040200900600803750005607000092005000000400380
000600002500002039807090100000700490000040053306200000004008621102000000075003008
000600704010090000020004081006400100090081000008007053000208007203050000504370600
000600720003000000029000045700084602000051003400003970160009000050020800040078010
000607090240100800061450003000309740035002009000070000516200000003060000020000108
000680020029003080000000507000000700100500400607904005008020050042001906710006030
000700900038004060200010005040600000009000201170058030800076020500009040004200307
000708520851200000900014000000100006400039280760000000009020710000050400307080009
000709000480500102601040700549002001003100600000007508000000030020603804100080000
000709048302610050009000300800900000100004920065000010007400000006000085400520037
000800005009370406026900010460000390001040007002030080500000700037006100000028009
000800200002079605006500070040100002901007000730002540007043000000080910053010000
000800405706000080400500029001408370090050600200000008800067030035120000004000010
000807634030009100500120000002480900000060005010000706309010007740000000000900328
000870016300020005400501090708100009020000000014700580000008002907003400052060000
000890013508020000400100200063000702207006400890500000000050090700600041001030600
000900070014050600000162300082000007500090038060400500900007126003005090040800000
000900104003001058009400000040000306072003000600102400068090500100050273200000080
000907402804300000020001006085000260010700500009060700070100000002084309050002001
001027850800600000000050031905040000000000067673000020087510006000004900400800270
001060458000702000560000900900000032000470090170300000009000104207005300300698000
001093046026100000000000705092640080000050100703000004800004307900002000060001809
001540000500000730090082001020000065708004100000329040305006004080000002000190070
001580000090000640050070000003107080700006350000400200080001526400300070100950008
001700096000500008507900320080004000906000070013000802200070400000008063359001000
001800020570060090308704000010640005095000002802003006000019430000300608000000050
001900065040070000700830000016040280000500007903002010050201006280007400000000903
002000030408056200019008060060734000200001906007000350000060017000020800530040000
002000601080007000705034000053070109600001000000300528400950007001000850060020400
002003000070600804008451070030004160000092400500100000060030000047000523001700090
002006390940002007000000860000350100600080040005670030120005000037040000800100709
002405071009200000700000306580006004003041090090000080000027500000100003640309800
002500403308006900000084000200000000090017030500029806004000507001008009070103020
002530000180046070700800054590000000000091006070000840000250080609300000208000703
002700400040080051681003000190006040000070819504000060060205000020800300003000700
002745010003009400500060702700820509200000030140070200800006001000007060009000800
002780600000012570108090030000600000059070004700009021206000107340005000000800003
002870100500006030840900000079030206000000000430700005006010047090005020001400608
003000070097060010140208090000524007001009400006080300009000000010700052800305006
003000740005003001609000008500040607002309800010008000040700039090061005800000270
003002017100006000800070050000540089005030200460009000907001003002000008506800074
003020740000007080090081003035006900007002000940010050800000060569030010000054200
003107800000040600902000004300050000080002700010960050400810009700004060090503208
003500018700000040020009050109070600450000030070208005091007000008030200600150400
003642070001050802000000090906001000120800030400005007080290005307100600000060400
003650000180020070040000603905006020000005008001040039600701890010900004200080000
004001690000530000017000045600070000800300027300082000056000780090005001002960003
004002010058003400307000560000009050001400020400860370069080001000200000802005900
004508290000006010180700300706200000001050630900800504500400008070000000020693000
004620005023500860000007100009072050560090000000800301800006200400300008790000040
004650000750000083008000020400200000006100590090030700200001050100904036603080004
004891000020000000000630750000065200630040009809700100043000027760000035000004008
005016000000420300010700092800000274009005000000600800200800530063970001470001000
005040090010000060004362001000800000728005004360000007007000980800403205030901000
005069040270000900063007800030080000100450027007000305780004200000100400602000003
005127600000000080009000030600200800003004005071309020028005000140900007500060910
005300720200070080008094000700109800000006415020040006004000003100008690037500000
006000001820450007000083200103509040500070009260800000018020406000000930700004000
006003000071000004803050619050800040012000900008010032090032000000600750007004006
006004085100276000093010000075000910000082506040000003080060090010900064200030000
006008250001300804070520000080600002007000100040130906060000000450090073000204090
006100003050240106090000000040560000067000901301002500005007000400030870200904600
006185700000090040050200000800000902007650003041009068210070300000040050000000186
006500000000080042007103096031067008800000005090200160020700000450020830000090010
006910275704000000000300008000050803001800600460002007900008740050200390602000000
007000150030074800080200000060030000400005070002000061003860500001400720070920046
007002000204050309030068700165000000000100084020079003503000200000040175000980000
007008000200060039400010708001023050708000600506000094800030060100700200053900000
007030846005008300200467000000000430900680010400009000302000500004502000050100067
007040350180560000200800000740000860010050092006004000005203700000090020930008001
007104850050600090020080704800520410309000000000010007000039000503000076000800021
007200006410000700090800530006592003073000000800007410000000000900060051285400090
007430020100608004005010800000860009002005030000000742400100050600920000073000960
007460001380000000020051000740080500600000300058010960004708000000002187000005036
007500000100000090806003407010004250023007800000900061000000100000625080405708300
007600240803010000009025100065301000004900000000082900000400507050009006072000830
007801020320000400000009075200700000005100086906400001070350000050002908400008300
008000000070005201006074080040028000000000905012300700529130004400900030030000106
008000000200790400590000086000800170031029000006003200802036010300050004007001009
008000060100849070050000009401970302020010700000502080307000510000600004890300000
008001705230050000040000029100040903702805006000006000070600004300072000000984100
008020600902005003015400000020576080000900010734000000000000871040132050600090000
008050001170000000040003270015730008900080040000201060000640000032100400060020890
008090300400703100006042070700000000062100090010805007003007680900400000000008415
008106400900050001005280003002000006304900080090007305000800972100004000600730000
008504000300090410005000023070420900800010300002700000104906007900000508000840600
008960200004500010030001500000490000021070600750000004063820009000600100240030070
009001408000007030600482000005020006000040900380090170020530780700000009436000000
009005062050030001017900800070000000002500040430026090040070300006002758000809000
009026870000000400800071900000004027700300608120900503003000006452060000000109000
009400030003000006020005800300600500104070080760083290000900400070060001540008002
009400058030020100070500040106700409002035006700000000090007000004018605000006803
009543000032000705000000100600050097000820000400307020080000602003091400754000003
009600000504201000820900730030090052060480000000000810000006490007350006001020080
009650000320000650000800704006189000400000003510070000080020401004593000073000009
010000030062085000008309200405000820000076009000000104097060400004200083600100005
010007006003900020400021700080040002200060400700005093906504010000006000001300059
010050070040709200038100400500002030900017000000480760006000941302000000070600500
010060000800250400000007093070001830003490100042000600000340906009005007260100000
010200904700000030602405008090710356020009000000038090000000000350006700060324000
010500000009800704604020300507604020390207010000000800003000090870906000020450000
010500007207000059600210000090000620030108004800000005003020000000706801064009730
010500090034600100200480007600000030000005700841079000090030006007000400350002018
010504900300086002650010070000009000047005000000230106073000000000008005960370408
010690407400001590600300001005100000009002083870004102004050700030000000200860000
013006004027000609000009008080070400006100900400030500005001007309045010060300200
014080002006039040000007901300470050060502100080000007005901080000000600729004000
020000051000070000983060200600008017300591006090040002065000009000700040108320000
020005790010800005400000030803601040100040029000570000007000008002090300030004256
020018500070000039004750000041000900500063040000000658100500007000020080063904200
020043000108620000005007090540801700609000400001700006207050008060009103000400000
020070001005020000700030409008010040000005307061002005040000890003600050100480072
020070064000003075904080000007040080102900043060051200000000610850200009030600000
020090045000180900007305000103004750900200003000700100008073400040006000306010020
020107600368090000070040500000500087600000109001730050000800002200000310590602000
020400006800230009570000130030840000050000904000006071201000500000002060049607008
020600000000507106708000092049080000200060008050003600000701040500040930370902000
020600040100039000630000002500107900042000080080090603078350201006000800090000070
020607903000004005731000020500000300008090041000263090800530600040009002007100000
020685040690000080000030700010420000089000010000060825403100000800007960001050002
020746000000000090030901504690005003000070002008403001003000000005060087470019060
021000060800000300040013050007050040006089000903002008100070004600504029000028003
021800007000901000460000000087003600930200005004090700100006890005040002000079063
025000090001078050908001060050000007203460000000503080000006930070010002840000105
025009008100050023000400000347080050000600000906003100002037000081200607000500910
027003005050809041000000060700090003100607900008000500640030200900054017002000008
029006800800950000070040103000520700000804005003100006905300001080000940602070000
030000807009208000050100064100600090042003750090005001007309200000800030600050100
030002000005090080040070069900030508070010040054200000002400700300600050007009623
030002007000840001600070290700185030085000000240003060000069000007500010009000843
030010200180000040000058070000000810041370060006000009605007080000900003079402056
030021700400906800058000009070080100600002070045000260000009016200003000009410050
030040500007601400009000020760090081042300000000082000100003806000428030005007040
030070800008600920006240000015430000000006052490807000000000510070901006003080040
030109072600025000090000003020410090407000000000060310905040007700006008001530400
030900070600350400500008001804030100000060902000094080200600000401025008007010006
034052000900300004860000001000940000005003270070010800010504090003806000400090052
035090070060000018100000450001034600050700000008500090000007380200106700490280000
037000052208003004006900100000290000150806037070000400600700800000120900004058000
037001000006708209020000015000493000302600008700010900100030057800906000045000000
039000020000070906400005080200067000005080460004000397560000040000102030008009105
039000080080005107000140900000000053051803206670000000000096070700500000410020608
039500000700600500800001903005840030176009002400000000000005180060200070091006004
040000020507041080000090700000038570000409001602070300010500900006200017308000006
040005700000304109805006000702400006010802000080000940008000000906057200500090301
040007530103080040952006100005630004000900280267000000300000907020450000000001000
040050700108607029030009006005980003910032000007000200006000500020000040403006001
040073009010006003500100007007090405081500060000820090000940200068305000005000100
040090080070000500080600041800005700301000000690340020200408006000130200005070190
040095007010000602030600500005800010000006300800029040009700003400080070203160009
040300902900508104300000000006003000000020710530810060020007000890000420100900085
040580000000007958700001300300100009070003060600200480001004030000006500008059720
040900800023060000000024017000000060530409780100005903050001004010300500900078000
042008000000500800019030400000000960203004008000607140750019000400700315000080006
045009360030870000001000250012054000890030001000700006504090870000000030000246000
045060700007000039100023006960005100000480020800000043001670000000308000200001580
050000000703620000010700864900040200400019600080005097071080005600000043000031000
050000006000930018012080400400860020701020030096700500300000790007200005000001040
050001007090030060060709240000060304780020000009080000100504070800000090024008056
050004000320680010090203080004090060000007300701400500000159400002060009800000053
050006000080130900047000030900710080010000500078402600000050208006000304000208091
050009007000042010000300506308900100710603002000084060040010300925000000006000084
050083400604000038090062700013500090002070006040090000805740000000200300070008009
050392000010005080000400603760010030500030006001804200009050020000008004308700010
050470010000062073040080006006000020003009540008105600100850700074000930200000000
050800000100962004002030070080000050095620300000017600200041000064080030300000029
050800740006000000100090002800300051009000200204500360705604000900703000040021080
053094000610005020004000800080060000002300906001049200020007080030000051700800430
057300109009470000300000020001000003240609000078000560000800040010025007605003008
060000000900080710500400800006040901021030065000070280004693000800200009050010020
060000180320050000000017060085400300002000907040060200108620000000309001009004075
060002810000460000320007090008000645610903000700000000800100309071006500000740002
060007002002000074093040005900763080104085000000000907508200000000004610000190003
060008430500300006002001890607020100090000040000403700700090050008100000430560020
060020058410703000090000003000004036087100000900050200000801070834090000002506900
060021007300509000804300200003000980000070061600854000009106402102000005000090000
060021090091406203000000500510030000000000370802070006400509000003100008008002047
060054000050070082008000609000200005009003140007100098003061000040905830010000070
060070020009340006000001093305100800000007549008020000000900017280000000074600305
060070028000098600035004010250060000073005406000780900020150007100000300000900040
060305009780000040000006810018960000000040000200800057470200603090001000003600270
060800000000490520070510060003607002052000003900000108400100390301050000080200004
061000000004279006000004098180000050700140200200065070000350400059000180000097000
061000900000608050080021460000705000209800000003000109002104007090006502450080000
061007048304000501070002000400000000003250000097010806506800023080000700000904100
061070300340021500009000000907002006000000400004308010080704060000010703500806090
070000000000400902063089005080003000102708300000010060407200009090630050600007140
070001003000500040021630000730000004508040790100002006000205000003900800900376050
070001006092300000300700502000014700783090050540000000600208030008060001000045900
070013600058040003100200009004000000900602005800100320000070000700006094030059106
070060390021008000305091080000056200680000000000013907010502000804000003009000705
070210360800600000900430705000082510300000004000900082006005049003070006014000000
070500800820700100000002090001400006300000074050000320009040000287091050510030200
070809010004000700003000254400020608001000003020750000902086400600000090008307100
072900300005000468000010700800030050407001900010540002000068000009307601004000500
074001080900070500200308940002403000095000100010080706040000098300600200006050000
075001000030008700602009040020000800050070063907640000060094000000057300003200015
075490002100000000000020760000870000800005941040906050004502008306000000090103200
078009063000070000159004000906800020003107000400360500002001030005000089000480006
078010060000400003390005000006047000000002506500030820062000031004180700007900004
079000002020630004100908300500400010002800079036000500607000000040000080901005720
079060050402003070005001030006050001021604008000000407003086000100409000800070009
080000010020309000705800400004000702931007000000600038058012000009078300000060045
080000406300026000049100007050200609100830050007040000000580020920700804000900300
080000700007009104300520080200400060713000500050038009800270000109000000000904032
080001390900060002005700000670010020050006007003200480800003005240090001000400609
080006000309200510750900000100000048072060000005304600000530007000007820040600091
080006002100090000000010087090102874003600090020078600057000010300504060006000005
080007002100090640070005930000003005062000080341000000900600004000702500734800010
080030090000005032004600100710002600000100500930086700090500018002004300670003000
080045010090000000001700260700000084060329000105000600000001437203070000400508001
080060200050012300900040500070000064308091000260800090000050000537900008004003007
080130005607400000000062083029000730000050001006900020410007000000008094002001360
080210300000000900060084107809030005630501040007002000100065009700000006000400820
080497000067000800000001005002069048000100009013005200500030007004000560076020030
080901030060008020501006700700000001002080009300005006000103000600057480423000500
081300000000100069009400082000200005600075400004001078006980007520060003700000040
082070000004010700510004308430000010005006090000820500700305206069000000000042009
084002703300005020000400009600094310000000097805003002009000568040670000102000000
084100006000300009100520700400002100063000000270089000009010378700064900005000200
085340209060100040000005007008000600700400300019020005350096070090000158000002000
090000000005307002043061050700006800020040071080003905902000600400090000061050040
090000700001590006070340052400703509000020000300008461900600038015000070060000000
090002500310609070600000430058000004043900010007210008001080000000005086070003200
090005803210060000700400900000610002800700000035028041000002050074100000000030694
090008000500067001203040690120080000900300047005109000046000070000020005700004803
090030040003020085100000069270400000301500000006080020010700500052100730400009600
090120060480009001020000037140007090000308002000060000050600300003010205002090840
090160080500000100040009063805070006030980200700020400008000905001200007200006004
090200000501800040030050600600400802908701400700000050000040367005900000020013008
090420008400005670010300009036100450000000080009250007004908300002000006075010000
090604025000500904503700100002059001010000000006008437080003600400020000700000058
090703000074002050500604080000040900600905001001008340020301006700000008030000470
090860057830000000001002040000010720000004309508907006000705901400300008600000200
091040020053010006008020073000578000940000800005003600600009000000000701070051480
093080070000520004100060003400200000308670200900400105050000006000001428007090030
094010508800090003070026000025007000080002906600400010002050090000000405301600070
097000604600005008000430000080097350100000006000604090000103200360580900201000400
098007020004020061000300050050600700300092000100804503600000408001080030025001000
098050000003092064700030500602000000900700103000004058100360000007105800005000430
100000000080250030600800740000070600040090570035600008070083200800010090020900405
100000200007050490203000607400012000000003560068040030001904308020007000009008050
100003040070540900002070008095200700706800003200016000000100290000309080050080006
100004500004502083006090000000270049701000300230800005500480000800300006000060072
100020009008004006002610300040190005030000280000805070600907000004000803021000460
100060000000024007783000002900003040050001603026000008000059800290000001405070390
100070560970000000082050040840900050050608730000002006009003200760020000000004013
100570040000401009580900000030000106005000803890605000007060200003008000400190607
100759000002000000008030067064000300080000405200901080030094001400506290000100008
100804602750090008000000090030006047604001500285000300000050000006130000040702080
102059000840010960000030000420700800080000500307920010060000093000170204005000007
105200000000001609000007500070000430830092000060030050008003041092040870000806300
108204060030570002000000710006038000450000000900002071010840057090300806000000040
130008005000000290708004060090765000005300002060480000052000430800006000070013050
146300050005700000000060100000009600000120804003405090062000400900610008010083007
172000900005600083800401000000100009410080300020067005006809040000530007004000200
180009007607400000040620005090060020000173000438050060510040008000000100000200039
183040000000080070000009000600500041915400800070002003028703100000050009400800502
190082000000000016087000040036050000020046903001000070000019750503008002410700000
200000000000070090604815003900000605800007000005302008081000007003450280009006530
200000030197005000000047120005802000700300019068000700400190003030060008000520060
200000781090010040400685000605020108007300900000000050008200004010007320009064000
200004800050100002001059030400790065020008900003000040700500004080030000600042019
200007860043080020000090105080640057057100000900300000610002000070000904800700002
200017045406003020090000000000068000032000900000500370000090056004206807079400001
200310004170050009390800000050034670009000080000700402400090003001006000068020500
200507006010840005708012000900000001100300580000720040002050700000060039086004000
200630008050410000076009020400100260090340001807000005500090000100803006000200090
200800900040006000700090130050004070030001206000702500098530000001008007004200605
204000600800060075000147000000083500008090040760000100006002007003800910900430080
205010980900603040470800000509380000001049302000000005700000060084020001000006500
206000410001700502000080730007409000184000000320500170040050809050007000000320000
207800604380005000000007590001700000000000072040090365600900800400000701002031040
208009100090060700000405003305908020001300087046500000710000005000000900030820040
208300009040600015003500070605000800400010060089007000700408500000000032001039400
210800400007006800600490500000020000508703010020000096700045002000600000009180073
250006004010040000008713200080001000906004080000905030700300002003000195400020600
290006100070130800008027000304800200000000005500600039010004300000090740603070050
290700400500380207000000065070005006420000073003040810000814000000020000861009000
300000100825090000000402060010005809070003406000800300500087000040016200600200903
300000206001045980080060040003007100005000060062080400070008003040203070200010500
300000940000006050002791000400010500050004073063020800704005300010640200008900000
300004100080600040000802050100700003270040605500001900609000081000007002042030060
300006154860000000009021700100008009080037026034000000000900030050400080207000501
300008250008300976002407000000600345070014000065000009000001062030005000010040800
300047900000000026007001000420105000700000390016000400009200083068900045100506000
300060504000008010210900030006092800075000009000000047400300705509804000001009006
300067000400050100009000025010030904800204700000000500020098407007006000003071068
300206001190000073000090000400050000006704900078010002005300748600040010000908050
305001700000600809070500020094280005500430002000000097008300010001056000049800000
307058000000002860600040103180905000030100970002000004000007420000086005940030000
308007002000210000004509106096040050100300000020000080709031040000020900050700018
308010470000500003007600090006750201000000009540960038030001005072000860090000000
310006040000908605008030009005000000032074900067020000080702000006000057900300024
320500600100000948060007003000070060004001309005803000002745000080060007000090120
360002490000300002907001000010009380050000004402800007004670050000004130005008006
361054000000030008040201006012060700007025090000700084000000300085000102600079000
368700000700900200029000006000280069654000001000001700400075030900600000003010085
387090020020000005901046030000001400004730001205009000870500060000010000000063059
400000052003000810060598700520000008008203109000700600700960400009010000000070503
400001902002034087008090003060270008000080100700000050070569000016000090000400035
400010200000807005500200037060020480803500001007000900300904008000003602109050000
400020301000005070208006009000900405005018002073000080001003900800000600090470820
400060039000008000026050004019000020705100600000470008081000075200000010967300800
400080500001006000000200834703900100800405009020070060030000072060100008500308040
400090060070600020920030010017000000500200708300460002653980000000000004708001300
400200900009050000300080020000600870015007000200090403000013746007940205080000010
400280390006000010200001070004000103000735000098006200000070000530040009600190480
400300020120008000009100400002000006500079031080060050000020507053600080960400300
400900070010003060530100248064070800000300500201098000000000006700050000080020319
400901600500030070010400280002040750071053900000086000009007003800000001030020400
402010083009004060300000700090870000001609040000500620087400900000003001250006070
405009001000540200006000030004020100900010047760008009300050070008000002170306900
420000700300040068018509002002070980000000000095130006030080095060003040000700020
420300005000090086300008100057000200040100960809000007160002000000786000700005034
430080000000106204670900500703050100020000049000602070010400002000039080805000060
470500008500000460003080200890706000000054690010002007026100049300000050000000102
490050730000080000807000200003842000706300010250000900004037020030000001102009005
493700050800000109000050030105000800000004002700613000360009004980040276000002000
500000700007100069000830104050001230803075000040008006070004000300090020064000807
500001000020060050000900304090010600370480020000205780200000100049000006068537000
500006000000000040963070002000150000200090004041008003070845020030007905080320010
500008004174000090003109650002000015040307008000060000800001000026095400090670000
500010300730005020008900060080030009000200074001560000000390001940008050206007080
500081000003092060010000807700004000030160040809050000006520900900070015004008002
500200609340000000000006071020890003001000060780004020002300040060182000009007058
500300720973800000640000098800910040001007000009003002007005800050240001000060003
500600041020000000008030060007402300060500000000010080009007030100095206732080450
500710600006090030030000082002000001704001000000860900657004003900002850001306000
500730910020006080097002000000340000002860073470000005200000038100029500004100000
500740280890000000000002001000006704107000300006410059300090402050000000704830600
502049600000705000400000103000608002086000300701052090050060078090004000300190000
503400860700030009020005001070900003300010572800000000180009020090600400006507000
503710000006009300000040090048000007000306100009001528000000006235800004010502070
509000002003040800002960000000000100000715300026030405071600038900008060040000507
509004100000010078270006000060300015108090400050270000004080602000500003630000900
509021040000009070140360000000230800600005007425000006003080400000050090007000312
540800009006032400010090080800001075709400200600000300000940510072000000000068030
570040060000000800940230010607010000000000493200508000010007005380004709062080000
580000000010000425090730060700000140005400070104906000800042300200681090000000500
580019000064700200300000004090080030007600500000034100800200493010905006200060000
580060209000020000600300107010400830000009050027086000009050600030204008100007400
590060000001002000038405070200098010104300005900000006000057800007030620006800004
600000901000063502870100000900702400005040820000030090080400300020000005704901060
600008093009000050240003700070080500000040068095120307904000000087600200000500100
600019500500084003001700008006000907032060000407050820000000100080200005090436000
600020750900000108002300060008000601007002405009057080000060230050170000040008009
600030000000020590790006002000059638010780000000000104802400700003200050004090203
600070830000100000704800206000080000002359700006000159031006004000520003950000007
600087090010000400089010530000008600004059807007006040000035000030000020425600009
600090004824500000007000001003078002100020600080000350200601007070009030950400800
600190000004602508817000000095710800000003065000000200340050900000000723020800001
600400090070801300005000000001003508300025070904006100060070000093002800400090023
600502904001008200070300001500079000040000006030420010809601300006040020700000500
600701080039004200500000009700142630060050040008000000000873000801060097002000005
600708042000905001980000006200003750040800020365004000000000409007020380000510000
600900070080030206745000080800000605020300000907005014006001407051000000000024009
600904000708000035200000070000560029080201700001037000097000201054000068000053000
600940207091020600000300100900000034004607500005000820007015000800000005020090380
603095020000200800007000010800043100009007300000610095390480000051009004200000006
610007000075380000000000200709050010200000000041006309093001870850094020000060040
612003000800007095000004302070300010140090083009860000500200607000010200900000050
617035040020041300900000800000007210000503000095002400000100060750000090340060020
620004080800700105095200700004005030002490600000080001000000908760000000409017003
620040010000020080704093060007680200540700000001000905290070600080300004005000003
640020000805003010000906200000189400032500060001000007090200700106005003000010640
650002140007059600300040087020000050860100020000008903019300008000500200004006000
700000000080100390243000005020300847000600500500097010004085000109006002000004703
700000609003020400040806070000001000051090702302640080020400807000100000690000035
700008420024507100060000009000001932007035800040200000308100000000090760050402000
700030046005002010300500000090801230000000800501700000026009407400060080009150020
700030401520009000000620000075000360060100090000870040800210006203000050049080700
700080000903000004000531600080060452004100000360000008500304120000670090029000300
700080401019400700300006000820000064057900000030010205000205090600038000004000058
700340500080109030000002009005703800000010700406200000090000601102500004800600970
700496020000000000200031098030000600801970005000105700950000060000042030374000100
700500103504609080200080000030000049406000870000005020800300500050006097090107000
700502000294000700050039100010800003900600074080005006060300029000000000300981500
702009004005068000010040620043050701200006030000090050009000843000000070036710000
702040005000308001010090630904050000300420008000060700000006002805000910009200084
703005002040780030002040090010023000000860003000900075000038640900100087260000000
708600040060700001500090002200051008895000010004007060009860430000103000402000000
710000052040200800000063040300600007400180200081030009650004000000020013000957000
730000008002000060090564030040005090008002046060030200084700500000809007010200900
730900000080007230040860150900000000800010346000402080600090070025030000000650008
739000640502006000001573080094010070008000500200007300600000200003040001010850000
743080020500604000000090700001020008064500000000800039010043200070006091090000605
790060004000003010085720000001890506000001000200040090000300200050009067430078900
800000012046000000007309500020090000300060408501870000090417080100002093050000006
800000670009200005500130028000620100391000002007800500004705000600000089002040003
800001000005032000900465100000070090001000026200900803760008000040050930030100407
800001060040079000030050201600400700092700008084000350070030900005200800100008030
800004003040700200009506800604000001000078060035900000090030540000620107107000900
800090320000045100006007800610200070007109050003008006000700000254030000300010604
800400035003060000002000479010009050000007904450800001007921000390000200000500806
800400302204700009500006000000000180300205000967803000040091078100002000090000650
802000007400609001000007000000785200003060040090400005150003890030040062204100000
805000000070300064000407180069005370010260000000000041028003000000900207900640500
809000006000090002500000087420050098603008050000140000000026010007304605010005300
809340070000800060026900405040000213000030500007090008200000006500087030490600000
830090100620408000007100400900005080400001602080000903060050000050030007002607800
840071390000008060207000000705000100030004000090806500900305807000240030060000024
890000250130000000000053490060007009700300500080204010920046300000000007041080002
890307002000000040400520908500980100701200030000104800100400005003006000052000070
900000000600207104000001026000800302009673005701500000080090000073040580400002030
900000105000406007807039000180073900700510080000000002500000400001280060460090300
900000602003901400285000007006005020000409018790002500007600904501800000000000060
900002006206380507000140300800214000003000200500070080040600190070830000002000050
900002008800900400104000030200800000080700504070031600430650010000010260005070009
900002300500004700007960000240001003080070500010023006090510000600000048800300902
900040605040800001027050000100903000000000736080700040015006900000002360702300004
900060020650020040000007003060008300340050160000700080800070901009003000700140052
900301070060900304000025000005004200041000008080700600003280517700000926000090000
900600200750000003006300000008009004010700085460102000021030750600005400003000908
900700002040005103630080000006029400000050800205406700700930005098100040000000060
900700080000004002001530400103060200004002905200087061850100000007000800060009030
900800000000600503001904800070001980300070024005020010002005409896100002400000000
903450060180700000050006000700602001000800402300000000000205070047090300260040509
906000008800032000017090600040065010020000090005008060300080700401700350072009000
906007003500000400004200980070036000013040000400709062000084107802000000000903050
906180005000000000040320700500013000000502083701900400020000960800050040309006007
908600000005080103000005020000094010062000000070001852000050000820007046604010039
910002008000005000300090462070000246060038070104000005007081000000600090509200030
910800000006073004308052700400000200000096078705000000020000030090507061000040950
920030450000000081340005000070000009210096000000802630080070000000060904057300210
940005002000009005000083700087650000006000203400010000010400306230070014500900800
950006840000508000706000903009300200502070000040001000010000605038200190000064007
960071000008060400300000900000010607004508001510007003000203005790000020006040180
963000000000703010200054008005300800000146090030070104000001065470290000080000002
980020000400060725000050030100600000003008900008031574000000310040900608510007000